0,148
1,148
2,147
3,146
4,146
5,145
6,145
7,145
8,144
9,144
10,143
11,143
12,143
13,142
14,142
15,142
16,141
17,141
18,140
19,140
20,140
21,140
22,139
23,139
24,139
25,139
26,139
27,139
28,138
29,138
30,138
31,138
32,137
33,137
34,137
35,137
36,137
37,136
38,136
39,136
40,136
41,136
42,136
43,135
44,135
45,135
46,135
47,135
48,135
49,134
50,134
51,134
52,134
53,134
54,134
55,134
56,134
57,133
58,133
59,133
60,133
61,133
62,133
63,133
64,132
65,132
66,132
67,132
68,132
69,132
70,132
71,132
72,131
73,131
74,131
75,131
76,131
77,131
78,131
79,131
80,130
81,130
82,130
83,130
84,130
85,130
86,130
87,130
88,130
89,130
90,130
91,130
92,130
93,130
94,130
95,130
96,130
97,129
98,129
99,129
100,129
101,129
102,129
103,129
104,129
105,129
106,129
107,129
108,129
109,129
110,129
111,129
112,128
113,128
114,128
115,128
116,128
117,128
118,128
119,128
120,128
121,128
122,128
123,128
124,128
125,128
126,128
127,128
128,128
129,128
130,128
131,128
132,128
133,128
134,127
135,127
136,127
137,127
138,127
139,127
140,127
141,127
142,127
143,127
144,127
145,127
146,127
147,127
148,127
149,127
150,127
151,127
152,127
153,127
154,127
155,126
156,126
157,126
158,126
159,126
160,126
161,126
162,126
163,126
164,126
165,126
166,126
167,126
168,126
169,126
170,126
171,126
172,126
173,126
174,126
175,126
176,126
177,126
178,126
179,126
180,126
181,126
182,126
183,126
184,126
185,126
186,126
187,126
188,126
189,126
190,126
191,125
192,125
193,125
194,125
195,125
196,125
197,125
198,125
199,125
200,125
201,125
202,125
203,125
204,124
205,124
206,124
207,124
208,124
209,124
210,124
211,124
212,124
213,124
214,124
215,124
216,124
217,124
218,124
219,124
220,124
221,124
222,124
223,123
224,123
225,123
226,123
227,123
228,123
229,123
230,123
231,123
232,123
233,123
234,123
235,123
236,123
237,123
238,123
239,123
240,123
241,123
242,123
243,123
244,123
245,123
246,123
247,122
248,122
249,122